fase_Track0_Voice0_SIZE: .word 115,
fase_Track0_Voice0_NOTES: 0,93,89,1406,0,187,55,1406,0,94,91,1406,0,94,53,1406,0,188,84,1406,0,188,55,1406,0,94,91,1406,0,94,53,1406,0,94,62,1406,0,187,55,1406,0,93,53,1406,0,93,53,1406,0,187,62,1406,0,188,55,1406,0,94,53,1406,0,94,53,1406,0,94,89,1406,0,188,55,1406,0,94,91,1406,0,94,53,1406,0,187,84,1406,0,187,55,1406,0,94,91,1406,0,94,53,1406,0,94,62,3468,67,3375,65,2906,67,3000,0,188,65,2906,0,187,67,750,53,1406,0,93,62,1406,65,93,0,94,55,1406,0,94,53,1406,0,94,53,1406,0,94,62,1406,0,188,65,1406,0,94,53,1406,0,94,67,1406,0,188,62,1406,0,187,65,1406,0,93,53,1406,0,93,67,1406,0,93,89,1406,0,187,55,1406,0,94,91,1406,0,94,53,1406,0,188,84,1406,0,188,55,1406,0,94,91,1406,0,94,53,1406,0,94,89,1406,0,187,55,1406,0,93,91,1406,0,93,53,1406,0,187,84,1406,0,188,55,1406,0,94,91,1406,0,94,53,1406,

fase_Track0_Voice1_SIZE: .word 122,
fase_Track0_Voice1_NOTES: 0,93,62,1406,0,187,62,1406,0,94,53,1406,0,94,63,1406,0,188,62,1406,0,188,62,1406,0,94,53,1406,0,94,67,1406,0,94,55,1406,0,187,62,1406,0,93,63,562,0,375,67,375,65,187,63,1406,0,187,55,1406,0,188,62,1406,0,94,67,1406,0,94,67,1406,0,94,62,1406,0,188,62,1406,0,94,53,1406,0,94,63,1406,0,187,62,1406,0,187,62,1406,0,94,53,1406,0,94,67,1406,0,94,55,1406,65,93,0,94,55,1406,0,94,53,1406,0,94,53,1406,0,94,62,187,0,188,65,3375,0,94,67,1500,67,93,0,94,67,937,65,3375,0,375,67,375,0,93,63,1406,0,93,55,1406,0,187,62,1406,0,94,63,1406,0,94,63,1406,0,94,55,1406,0,188,62,1406,0,94,63,1406,0,94,63,1406,0,188,55,1406,0,187,62,1406,0,93,67,1406,0,93,63,1406,0,93,62,4031,0,93,63,468,63,375,63,281,0,94,63,187,0,93,63,468,0,94,62,4031,0,94,63,468,67,1406,0,94,62,4031,0,94,42,468,63,1500,0,94,62,4031,0,94,42,468,67,1406,

fase_Track0_Voice2_SIZE: .word 108,
fase_Track0_Voice2_NOTES: 0,93,55,1406,0,187,65,1406,0,94,63,1406,0,94,67,1406,0,188,55,1406,0,188,65,1406,0,94,67,1406,0,94,63,2437,67,187,65,187,65,93,0,187,65,1406,0,93,67,6187,63,562,0,188,63,187,0,563,63,375,65,1125,55,1406,0,188,65,3937,67,562,0,93,55,1406,0,187,65,1406,0,94,67,1406,0,94,63,375,65,1125,65,4031,0,94,67,468,63,2062,0,469,65,93,0,281,65,93,0,94,55,1406,0,94,53,1406,0,94,53,1406,0,94,62,1406,65,93,0,93,55,1406,0,93,53,1406,0,93,67,375,67,281,0,93,67,93,0,94,67,937,65,3375,0,94,67,2812,0,656,82,1406,0,94,87,1406,0,94,89,1406,0,563,65,1406,0,187,55,1406,0,93,63,1406,0,93,53,1406,0,93,55,1406,0,187,62,281,0,94,62,187,0,187,84,1406,0,94,63,2625,0,94,62,3375,0,94,63,2625,41,3375,0,93,42,2625,0,94,41,3375,0,94,42,2625,

fase_Track0_Voice3_SIZE: .word 112,
fase_Track0_Voice3_NOTES: 0,93,65,1406,0,937,84,1406,0,469,89,1406,0,563,65,1406,0,938,84,1406,0,469,84,1406,0,281,63,93,0,94,65,3468,65,2062,67,562,0,94,65,3281,58,937,0,375,58,1312,63,93,0,94,65,1500,0,375,63,2625,0,94,67,2250,0,281,67,375,65,93,0,375,63,7218,65,93,0,94,63,1406,0,94,67,375,67,281,0,94,67,93,0,93,67,1125,0,1032,62,1406,0,94,63,1406,0,94,63,1406,0,94,55,1406,0,187,62,1406,0,93,63,1406,0,1125,67,468,65,4031,0,93,67,468,67,375,67,281,0,94,67,93,0,94,67,937,0,1219,55,1406,0,94,67,1406,0,94,53,1406,0,188,84,1406,0,937,84,1406,0,468,84,1406,0,468,65,1406,0,187,65,1406,0,94,53,1406,0,94,67,1406,0,188,55,1406,0,188,62,281,0,94,62,187,0,188,84,1406,0,469,84,1406,63,468,55,1406,0,187,62,1500,53,1406,0,93,67,1406,0,187,55,1406,0,188,62,1500,53,1406,0,94,63,1500,

fase_Track0_Voice4_SIZE: .word 122,
fase_Track0_Voice4_NOTES: 0,1312,82,1406,0,94,87,1406,0,3282,82,1406,0,94,87,1406,0,1969,67,3093,0,188,67,1218,0,93,67,2250,0,282,67,375,65,93,0,188,65,1406,0,94,58,1312,0,375,58,937,0,375,67,2062,67,7218,63,562,0,187,63,656,0,94,58,1312,63,93,0,94,67,1125,62,281,0,188,62,1406,0,94,67,3843,0,750,65,281,0,94,65,187,0,188,65,187,65,937,67,3281,0,94,67,93,0,188,65,93,70,375,0,93,65,281,0,93,65,187,0,187,65,187,65,937,67,281,0,468,89,1406,0,187,67,187,0,93,89,1406,0,187,65,281,0,94,65,187,0,187,65,187,65,937,67,375,0,375,89,1406,67,468,65,1406,0,938,84,1406,0,3656,82,1406,0,93,87,1406,0,2343,62,3375,0,469,89,1406,0,282,63,93,0,188,65,1406,0,188,65,1406,0,94,53,1406,0,94,63,375,63,281,0,94,63,187,0,375,63,93,0,94,65,1406,0,187,65,1406,0,93,63,3937,0,187,41,468,0,94,65,1406,0,94,67,1406,0,94,42,375,42,281,0,94,42,187,0,94,42,468,

fase_Track0_Voice5_SIZE: .word 67,
fase_Track0_Voice5_NOTES: 0,2625,86,1406,0,4781,86,1406,0,2344,65,3093,0,937,65,1125,70,937,0,94,67,281,0,656,65,375,0,281,63,5250,67,187,0,94,82,1406,63,375,0,94,63,656,0,281,67,375,65,187,0,187,63,1125,65,3750,65,1125,0,188,58,937,63,937,0,187,65,656,0,188,65,281,65,1593,0,375,67,2906,0,1969,65,93,0,187,65,187,67,4875,0,93,70,281,0,93,67,5625,0,94,70,281,0,94,67,4406,0,1875,86,1406,0,4781,86,1406,0,2906,62,2718,63,3281,0,188,62,2718,63,3281,0,94,41,2718,42,3281,0,187,41,2718,42,3281,

fase_Track0_Voice6_SIZE: .word 106,
fase_Track0_Voice6_NOTES: 0,3000,92,1406,0,4781,92,1406,0,2157,65,1125,0,281,63,2718,0,281,63,1125,65,3750,65,1125,0,750,63,1125,65,937,0,938,65,1125,0,94,65,93,0,657,89,1406,0,94,67,281,0,187,65,3281,58,937,84,1406,63,1125,0,94,63,93,62,2250,0,1219,67,187,0,94,62,2906,0,1875,63,1125,0,188,67,187,0,188,67,281,0,375,67,468,65,4031,0,281,67,93,0,1687,72,1125,70,375,0,94,72,1125,67,375,67,375,0,844,67,187,0,1313,67,187,0,94,89,1406,0,1500,92,1406,0,4781,92,1406,0,2813,62,468,0,844,62,93,0,94,86,1406,0,469,63,93,0,2719,62,468,0,844,62,93,0,94,86,1406,0,469,63,93,0,1594,41,4031,0,94,63,375,0,93,42,375,42,281,0,93,42,187,0,94,42,468,0,94,65,1406,0,188,41,281,0,94,41,187,0,188,84,1406,0,94,63,750,63,375,63,281,0,94,63,187,0,94,63,375,

fase_Track0_Voice7_SIZE: .word 88,
fase_Track0_Voice7_NOTES: 0,3187,67,1406,0,4782,63,1406,0,3562,67,93,0,94,65,93,0,93,65,93,0,94,63,1500,0,937,67,187,70,1312,0,94,65,468,0,1125,67,93,0,93,65,93,0,94,65,93,0,93,63,1968,0,1781,65,1218,0,938,84,1406,0,469,65,1125,70,937,0,94,67,281,0,656,65,375,0,469,67,93,0,94,65,93,0,94,84,1406,0,1594,63,1687,63,1781,0,2062,62,1687,0,3000,62,1875,0,562,67,187,0,94,89,1406,0,187,72,1125,0,188,65,187,67,3562,0,187,65,2906,0,5531,91,1406,0,4781,91,1406,0,2812,82,1406,62,468,63,3937,0,375,82,1406,62,468,67,1406,0,1594,62,3750,0,93,63,750,63,375,63,281,0,93,63,187,0,94,63,375,0,187,41,4031,0,94,63,375,0,1406,42,93,

fase_Track0_Voice8_SIZE: .word 59,
fase_Track0_Voice8_NOTES: 0,15093,63,187,63,937,0,1875,67,281,0,2906,63,187,63,937,0,4687,65,562,0,94,67,93,0,94,67,1218,0,469,67,187,70,1312,0,93,65,468,0,375,82,1406,0,94,87,1406,0,1407,63,1312,0,281,65,93,0,469,63,468,0,281,65,187,65,562,0,1875,62,1125,55,1406,0,2625,62,1125,0,938,72,1125,0,1500,65,93,0,188,92,1406,0,2156,70,2718,0,16594,62,93,0,1312,87,1406,0,3375,62,93,0,1313,87,1406,0,2344,62,3093,63,3000,0,94,62,3093,63,3000,

fase_Track0_Voice9_SIZE: .word 47,
fase_Track0_Voice9_NOTES: 0,27187,86,1406,0,4594,65,93,0,94,86,1406,0,1875,63,656,65,3281,0,1500,62,750,0,188,65,4031,0,94,67,843,0,1500,70,2718,0,188,67,187,0,3375,67,93,0,188,65,93,0,844,67,4968,0,14344,92,1406,0,4781,92,1406,0,2532,62,750,0,93,41,281,0,93,41,187,0,187,84,1406,0,468,89,1406,0,281,42,93,0,187,62,3750,0,469,84,1406,0,281,63,93,

fase_Track0_Voice10_SIZE: .word 50,
fase_Track0_Voice10_NOTES: 0,27375,87,1406,0,4594,63,375,92,1406,0,2062,65,3468,0,1594,62,375,67,375,0,4125,62,375,0,4219,67,4125,0,1875,68,1125,0,17625,62,93,0,94,67,1406,0,4594,62,93,0,94,63,3937,0,94,41,468,0,93,62,281,0,93,62,187,0,187,41,93,0,94,86,1406,0,469,42,93,0,1406,63,93,0,937,62,750,0,94,62,281,0,94,62,187,0,188,41,93,0,93,86,1406,0,468,42,93,

fase_Track0_Voice11_SIZE: .word 33,
fase_Track0_Voice11_NOTES: 0,27562,92,1406,0,4969,58,1312,0,3375,62,281,65,187,0,188,62,468,0,2718,63,468,0,4313,67,375,0,4406,68,1125,0,4687,65,93,0,188,65,187,0,28594,62,375,0,937,62,93,0,188,41,468,67,1406,0,2718,62,375,0,938,62,93,0,187,41,468,63,3937,

fase_Track0_Voice12_SIZE: .word 22,
fase_Track0_Voice12_NOTES: 0,38718,63,93,0,94,62,281,0,375,65,93,0,2906,67,843,0,3937,67,187,0,10594,92,1406,0,27562,82,1406,62,375,0,93,42,3937,0,375,82,1406,62,375,0,94,42,3937,

fase_Track0_Voice13_SIZE: .word 14,
fase_Track0_Voice13_NOTES: 0,42750,67,187,0,44250,41,93,0,1312,87,1406,0,281,63,93,0,3000,41,93,0,1313,87,1406,0,281,63,93,

fase_Track0_Voice14_SIZE: .word 8,
fase_Track0_Voice14_NOTES: 0,87187,62,93,0,1500,92,1406,0,3188,62,93,0,1500,92,1406,

fase_Track0_Voice15_SIZE: .word 8,
fase_Track0_Voice15_NOTES: 0,88781,41,93,0,93,63,3656,0,2343,41,93,0,94,63,3656,

fase_Track0_Voice16_SIZE: .word 4,
fase_Track0_Voice16_NOTES: 0,88781,62,93,0,6093,62,93,

