RondoRevolution_Track0_Voice0_SIZE: .word 283,
RondoRevolution_Track0_Voice0_NOTES: 42,57,0,58,42,57,0,57,42,57,0,58,35,55,0,174,46,187,0,43,40,60,0,172,62,211,0,20,35,36,0,80,42,54,0,62,35,50,0,180,40,62,0,168,35,55,0,175,35,48,0,183,67,211,0,20,40,58,0,172,46,199,0,31,35,46,0,68,42,55,0,60,35,51,0,177,40,62,0,169,35,49,0,182,35,56,0,174,46,213,0,18,40,63,0,166,46,218,0,14,42,30,0,85,42,52,0,62,35,57,0,173,40,66,0,165,35,56,0,59,82,76,0,39,35,57,0,173,46,222,0,9,40,58,0,171,46,228,0,3,41,30,0,85,42,60,0,54,35,43,0,188,40,30,0,86,40,57,0,58,43,39,0,75,79,132,0,97,42,52,0,62,74,34,0,81,81,221,0,10,42,52,0,63,35,68,0,165,42,45,0,71,35,43,0,73,72,33,0,82,36,274,0,74,35,63,0,167,42,36,0,79,42,55,0,60,35,69,0,46,70,240,0,106,35,63,0,169,42,33,0,81,35,36,0,78,35,48,0,183,42,64,0,51,42,61,0,54,35,58,0,173,42,36,0,79,42,56,0,59,35,78,0,39,34,277,0,67,35,33,0,82,35,62,0,53,42,32,0,83,42,57,0,58,35,61,0,54,36,275,0,71,35,66,0,50,79,122,0,108,42,66,0,51,35,57,0,173,42,55,0,60,42,52,0,64,35,30,0,85,35,32,0,83,42,32,0,83,42,66,0,49,35,49,0,182,42,34,0,82,40,32,0,82,43,32,0,83,79,112,0,4,42,48,0,67,42,72,0,43,74,32,0,84,81,241,0,104,35,30,0,86,35,57,0,59,42,40,0,76,42,73,0,42,76,33,0,82,72,228,0,4,42,55,0,60,35,61,0,171,42,36,0,79,42,63,0,52,35,76,0,38,70,231,0,115,35,32,0,83,35,61,0,55,42,32,0,83,42,60,0,55,35,51,0,180,42,36,0,79,42,60,0,55,35,61,0,170,42,36,0,79,42,70,0,44,74,37,0,79,74,141,0,88,42,57,0,58,35,55,0,177,42,32,0,83,42,62,0,53,35,31,0,84,33,274,0,72,35,42,0,191,42,44,0,72,42,62,0,53,35,39,0,77,77,1497,0,6,42,44,0,70,42,54,0,61,35,68,0,163,42,37,0,78,74,57,0,58,60,57,0,57,40,32,0,83,42,36,0,79,35,49,0,66,93,57,0,58,86,57,0,58,81,57,0,59,74,57,0,58,35,61,0,170,49,39,

RondoRevolution_Track0_Voice1_SIZE: .word 214,
RondoRevolution_Track0_Voice1_NOTES: 0,346,42,78,0,151,62,201,0,29,42,74,0,157,62,103,0,12,35,48,0,68,42,48,0,184,62,228,0,2,42,80,0,150,62,215,0,16,42,112,0,118,67,194,0,37,74,138,0,92,67,211,0,19,42,50,0,180,46,205,0,24,42,123,0,108,67,236,0,458,42,233,0,112,35,32,0,84,35,39,0,191,46,245,0,216,81,175,0,56,42,200,0,262,42,219,0,10,77,509,0,182,42,165,0,65,35,58,0,172,42,31,0,198,81,54,0,61,77,246,0,100,77,163,0,70,72,144,0,89,76,44,0,71,76,280,0,68,76,171,0,59,35,62,0,168,46,167,0,65,42,36,0,79,42,66,0,50,79,168,0,64,29,183,0,45,46,188,0,42,40,73,0,159,46,179,0,53,35,69,0,161,46,206,0,25,42,36,0,80,42,63,0,51,46,216,0,16,36,293,0,168,42,32,0,84,42,63,0,50,77,126,0,105,42,43,0,189,46,169,0,62,40,82,0,149,49,1128,0,27,49,48,0,182,35,46,0,70,77,229,0,1,42,57,0,57,77,177,0,54,81,161,0,71,81,49,0,67,76,233,0,114,72,259,0,203,46,183,0,46,42,61,0,54,42,73,0,43,46,192,0,39,31,32,0,198,46,188,0,43,40,67,0,164,46,195,0,35,35,63,0,167,79,46,0,70,31,278,0,66,46,200,0,31,33,286,0,60,84,331,0,14,33,183,0,49,49,50,0,66,74,88,0,26,57,66,0,166,42,52,0,64,42,56,0,59,62,50,0,66,86,57,0,57,42,50,0,65,35,49,0,66,93,58,0,58,86,57,0,58,81,57,0,57,42,57,0,58,35,51,0,180,35,61,0,53,57,242,0,104,40,75,0,39,42,64,0,51,81,57,0,57,86,57,0,58,93,57,0,58,42,58,0,56,35,61,0,54,64,266,0,80,60,132,0,99,42,57,

RondoRevolution_Track0_Voice2_SIZE: .word 170,
RondoRevolution_Track0_Voice2_NOTES: 0,346,74,215,0,14,62,200,0,30,74,169,0,63,46,223,0,7,73,112,0,119,46,203,0,27,74,147,0,83,62,76,0,154,86,204,0,27,46,218,0,12,86,204,0,26,67,207,0,23,73,155,0,76,67,271,0,190,46,222,0,9,42,205,0,487,69,770,0,154,76,117,0,113,73,671,0,20,73,984,0,170,49,36,0,193,35,57,0,58,74,260,0,85,81,175,0,58,81,156,0,77,81,60,0,56,81,281,0,67,72,254,0,323,34,242,0,104,46,222,0,10,81,483,0,208,79,193,0,39,77,293,0,169,40,81,0,148,34,212,0,19,79,695,0,227,49,50,0,182,88,280,0,183,46,193,0,268,37,180,0,51,40,73,0,44,42,69,0,45,35,43,0,72,79,66,0,51,35,61,0,169,81,48,0,68,74,236,0,109,81,181,0,50,76,180,0,52,35,52,0,63,81,241,0,106,76,174,0,58,35,61,0,285,74,236,0,110,74,275,0,187,29,205,0,26,31,254,0,207,74,174,0,56,35,73,0,43,79,536,0,41,81,302,0,43,79,342,0,3,46,193,0,39,74,61,0,55,77,105,0,9,67,75,0,156,62,64,0,52,74,57,0,57,81,57,0,59,38,139,0,92,42,55,0,60,35,60,0,57,57,254,0,92,57,74,0,157,38,145,0,84,46,173,0,59,57,75,0,39,38,167,0,63,38,144,0,87,38,111,0,3,46,167,0,64,40,69,0,47,42,62,0,53,55,137,0,94,35,58,

RondoRevolution_Track0_Voice3_SIZE: .word 148,
RondoRevolution_Track0_Voice3_NOTES: 0,346,86,251,0,209,86,231,0,231,85,221,0,11,62,192,0,38,86,174,0,56,46,231,0,461,42,221,0,9,78,590,0,101,74,137,0,95,67,82,0,149,64,582,0,110,73,771,0,153,81,100,0,14,77,118,0,689,81,981,0,172,35,61,0,168,77,60,0,55,38,266,0,79,74,191,0,42,76,158,0,74,35,61,0,54,72,287,0,61,46,182,0,48,70,264,0,83,74,243,0,103,74,248,0,98,42,55,0,59,29,224,0,6,77,167,0,65,76,234,0,460,84,300,0,161,76,697,0,226,35,70,0,392,38,158,0,74,37,385,0,76,46,192,0,39,37,171,0,59,77,140,0,92,74,133,0,97,77,61,0,55,81,138,0,208,38,188,0,43,72,180,0,52,72,60,0,56,36,271,0,76,46,177,0,54,70,245,0,101,34,272,0,74,70,186,0,45,29,194,0,268,84,423,0,39,79,174,0,56,46,188,0,43,42,43,0,186,74,223,0,9,76,308,0,152,42,61,0,54,42,60,0,55,76,241,0,223,62,85,0,146,40,69,0,47,38,144,0,203,93,57,0,58,38,97,0,18,46,188,0,43,40,72,0,43,74,337,0,123,60,252,0,95,60,84,0,147,57,72,0,159,55,245,0,101,55,266,0,80,64,159,0,71,38,182,

RondoRevolution_Track0_Voice4_SIZE: .word 120,
RondoRevolution_Track0_Voice4_NOTES: 0,346,47,1837,0,10,74,252,0,440,83,669,0,21,86,243,0,220,69,600,0,92,69,411,0,282,42,189,0,41,46,212,0,18,79,594,0,97,81,423,0,37,46,222,0,240,77,90,0,141,77,137,0,92,46,229,0,1,42,55,0,176,38,209,0,24,36,298,0,166,42,38,0,78,42,55,0,61,36,199,0,31,74,276,0,71,77,292,0,55,70,200,0,32,69,525,0,166,33,253,0,441,79,334,0,128,52,826,0,96,81,218,0,244,86,217,0,15,81,855,0,68,77,98,0,134,77,141,0,88,46,195,0,36,42,37,0,193,74,192,0,39,36,330,0,132,42,37,0,195,36,211,0,21,74,251,0,95,77,316,0,31,46,183,0,48,81,424,0,38,79,426,0,35,31,286,0,176,40,68,0,161,46,181,0,51,52,799,0,126,79,61,0,170,46,188,0,43,57,73,0,158,57,67,0,164,65,270,0,77,65,258,0,88,62,81,0,264,65,253,0,94,65,99,0,131,65,91,0,140,64,256,0,90,60,270,0,77,46,181,

RondoRevolution_Track0_Voice5_SIZE: .word 88,
RondoRevolution_Track0_Voice5_NOTES: 0,2193,43,1835,0,12,69,448,0,244,64,782,0,373,82,653,0,38,77,368,0,554,77,67,0,164,74,139,0,321,40,75,0,155,46,236,0,113,42,56,0,60,46,204,0,26,40,78,0,155,81,221,0,10,34,308,0,154,40,82,0,148,34,212,0,20,72,929,0,686,46,171,0,60,72,902,0,20,38,414,0,280,53,1064,0,90,81,163,0,184,38,263,0,83,46,215,0,17,52,849,0,77,34,286,0,175,40,67,0,164,84,235,0,690,33,239,0,454,70,231,0,230,55,838,0,86,35,64,0,167,38,204,0,27,67,74,0,157,67,74,0,157,57,281,0,66,62,265,0,81,65,86,0,374,38,200,0,31,36,144,0,87,46,204,0,27,60,257,0,204,42,80,0,151,33,211,

RondoRevolution_Track0_Voice6_SIZE: .word 64,
RondoRevolution_Track0_Voice6_NOTES: 0,3001,35,32,0,83,85,199,0,31,67,213,0,15,78,275,0,188,74,572,0,121,73,429,0,726,79,524,0,168,49,802,0,120,46,185,0,46,81,204,0,720,52,854,0,73,79,340,0,354,46,183,0,49,48,843,0,80,34,306,0,618,55,902,0,20,57,635,0,59,57,1093,0,62,38,332,0,129,40,67,0,395,48,939,0,680,34,257,0,899,53,848,0,76,45,919,0,6,38,175,0,288,36,117,0,114,46,176,0,55,62,283,0,179,42,76,0,38,74,57,0,58,46,193,0,1191,29,254,

RondoRevolution_Track0_Voice7_SIZE: .word 40,
RondoRevolution_Track0_Voice7_NOTES: 0,3808,83,469,0,455,69,366,0,789,82,539,0,153,81,389,0,765,38,283,0,640,48,953,0,669,74,199,0,33,53,890,0,33,81,337,0,587,48,929,0,689,73,1124,0,30,53,847,0,78,55,969,0,650,74,183,0,48,69,442,0,482,50,891,0,33,48,929,0,1155,29,228,0,4,31,234,0,1612,31,264,

RondoRevolution_Track0_Voice8_SIZE: .word 50,
RondoRevolution_Track0_Voice8_NOTES: 0,4040,74,454,0,238,73,374,0,780,79,448,0,244,73,387,0,767,53,868,0,55,55,980,0,873,45,909,0,14,50,802,0,353,46,157,0,73,40,74,0,156,46,187,0,43,53,637,0,58,49,52,0,870,46,193,0,39,50,923,0,234,46,171,0,59,40,80,0,152,81,230,0,1,79,314,0,610,72,920,0,696,31,219,0,243,46,187,0,43,40,63,0,167,76,222,0,10,50,5543,

RondoRevolution_Track0_Voice9_SIZE: .word 40,
RondoRevolution_Track0_Voice9_NOTES: 0,4040,74,451,0,241,64,413,0,742,49,609,0,198,35,32,0,83,35,32,0,891,69,914,0,706,72,175,0,55,50,862,0,63,72,534,0,389,69,927,0,689,36,187,0,43,50,655,0,963,37,199,0,33,57,954,0,666,72,159,0,72,53,854,0,71,48,817,0,799,74,195,0,728,81,268,0,1587,33,228,

RondoRevolution_Track0_Voice10_SIZE: .word 26,
RondoRevolution_Track0_Voice10_NOTES: 0,4040,64,439,0,253,45,1145,0,10,82,459,0,464,42,32,0,891,50,929,0,923,53,887,0,498,74,215,0,249,53,932,0,915,74,705,0,1145,69,980,0,872,50,858,0,67,53,867,0,1906,53,5552,

RondoRevolution_Track0_Voice11_SIZE: .word 10,
RondoRevolution_Track0_Voice11_NOTES: 0,4040,69,445,0,1402,73,433,0,1412,57,973,0,2264,31,231,0,6706,45,899,

RondoRevolution_Track0_Voice12_SIZE: .word 4,
RondoRevolution_Track0_Voice12_NOTES: 0,4040,45,644,0,13224,72,451,

